# Simple Voice Chat volume config

b5977ecf-1f40-4480-a34b-15a73c831984=4.0
e20eaa4b-9686-4639-a68f-0100d149d75b=4.0
own_voice=1.9673913043478262
00000000-0000-0000-0000-000000000000=0.8043478260869565
radios=1.108695652173913
transceivers=0.9347826086956522
